No. of electrode contact points: 256
Electrode contact points definition file: C:/Users/Lozano/Desktop/NIN/IMPLANT_DESIGN/utahArrays_eLife_phospheneSimulator.ecp
Electrode grid transformation matrix:
  0.94  -0.34   0.00    86.00
  0.00  -0.00  -1.00    -9.75
  0.34   0.94  -0.00     6.80
   #    Coords in [model space]      [world space]               [voxel space]                pRF [x y s]
   1    -0.24     1.40    -1.38      85.29    -8.37     8.03     281.35   171.46   138.97     2.12   0.04  -1.00
   2    -0.24     1.00    -1.38      85.43    -8.37     7.66     281.54   171.46   138.44     2.08   0.18  -1.00
   3    -0.24     0.60    -1.38      85.57    -8.37     7.28     281.74   171.46   137.90     2.08   0.18  -1.00
   4    -0.24     0.20    -1.38      85.70    -8.37     6.90     281.93   171.46   137.36     2.08   0.18  -1.00
   5    -0.24    -0.20    -1.38      85.84    -8.37     6.53     282.13   171.46   136.83     2.08   0.18  -1.00
   6    -0.24    -0.60    -1.38      85.98    -8.37     6.15     282.32   171.46   136.29     2.04   0.39  -1.00
   7    -0.24    -1.00    -1.38      86.11    -8.37     5.78     282.52   171.46   135.75     1.95   0.53  -1.00
   8    -0.24    -1.40    -1.38      86.25    -8.37     5.40     282.71   171.46   135.22     1.83   0.84  -1.00
   9    -0.17     1.40    -0.98      85.36    -8.77     8.06     281.44   172.02   139.01     2.04   0.24  -1.00
  10    -0.17     1.00    -0.98      85.49    -8.77     7.68     281.64   172.02   138.47     2.04   0.04  -1.00
  11    -0.17     0.60    -0.98      85.63    -8.77     7.30     281.83   172.02   137.93     2.04   0.04  -1.00
  12    -0.17     0.20    -0.98      85.77    -8.77     6.93     282.03   172.02   137.40     1.95   0.36  -1.00
  13    -0.17    -0.20    -0.98      85.91    -8.77     6.55     282.22   172.02   136.86     1.95   0.36  -1.00
  14    -0.17    -0.60    -0.98      86.04    -8.77     6.18     282.42   172.02   136.32     1.67   0.97  -1.00
  15    -0.17    -1.00    -0.98      86.18    -8.77     5.80     282.61   172.02   135.79     1.67   0.97  -1.00
  16    -0.17    -1.40    -0.98      86.32    -8.77     5.43     282.81   172.02   135.25     1.67   0.97  -1.00
  17    -0.10     1.40    -0.59      85.42    -9.16     8.08     281.53   172.58   139.04     1.95   0.22  -1.00
  18    -0.10     1.00    -0.59      85.56    -9.16     7.70     281.73   172.58   138.51     1.95   0.22  -1.00
  19    -0.10     0.60    -0.59      85.70    -9.16     7.33     281.92   172.58   137.97     1.86   0.47  -1.00
  20    -0.10     0.20    -0.59      85.83    -9.16     6.95     282.12   172.58   137.43     1.84   0.62  -1.00
  21    -0.10    -0.20    -0.59      85.97    -9.16     6.58     282.32   172.58   136.89     1.84   0.62  -1.00
  22    -0.10    -0.60    -0.59      86.11    -9.16     6.20     282.51   172.58   136.36     1.49   1.09  -1.00
  23    -0.10    -1.00    -0.59      86.24    -9.16     5.82     282.71   172.58   135.82     1.49   1.09  -1.00
  24    -0.10    -1.40    -0.59      86.38    -9.16     5.45     282.90   172.58   135.28     1.21   1.39  -1.00
  25    -0.03     1.40    -0.20      85.49    -9.55     8.10     281.63   173.15   139.08     1.95   0.22  -1.00
  26    -0.03     1.00    -0.20      85.63    -9.55     7.73     281.82   173.15   138.54     1.95   0.22  -1.00
  27    -0.03     0.60    -0.20      85.76    -9.55     7.35     282.02   173.15   138.00     1.86   0.47  -1.00
  28    -0.03     0.20    -0.20      85.90    -9.55     6.98     282.21   173.15   137.47     1.84   0.62  -1.00
  29    -0.03    -0.20    -0.20      86.04    -9.55     6.60     282.41   173.15   136.93     1.84   0.62  -1.00
  30    -0.03    -0.60    -0.20      86.17    -9.55     6.22     282.60   173.15   136.39     1.49   1.09  -1.00
  31    -0.03    -1.00    -0.20      86.31    -9.55     5.85     282.80   173.15   135.85     1.49   1.09  -1.00
  32    -0.03    -1.40    -0.20      86.45    -9.55     5.47     282.99   173.15   135.32     1.21   1.39  -1.00
  33     0.03     1.40     0.20      85.55    -9.95     8.13     281.72   173.71   139.11     0.00   0.00  -1.00
  34     0.03     1.00     0.20      85.69    -9.95     7.75     281.92   173.71   138.57     0.00   0.00  -1.00
  35     0.03     0.60     0.20      85.83    -9.95     7.38     282.11   173.71   138.04     1.78   0.56  -1.00
  36     0.03     0.20     0.20      85.96    -9.95     7.00     282.31   173.71   137.50     1.66   0.82  -1.00
  37     0.03    -0.20     0.20      86.10    -9.95     6.62     282.50   173.71   136.96     1.66   0.82  -1.00
  38     0.03    -0.60     0.20      86.24    -9.95     6.25     282.70   173.71   136.43     1.31   1.19  -1.00
  39     0.03    -1.00     0.20      86.37    -9.95     5.87     282.89   173.71   135.89     1.31   1.19  -1.00
  40     0.03    -1.40     0.20      86.51    -9.95     5.50     283.09   173.71   135.35     1.49   1.09  -1.00
  41     0.10     1.40     0.59      85.62   -10.34     8.15     281.81   174.27   139.14     0.00   0.00  -1.00
  42     0.10     1.00     0.59      85.76   -10.34     7.78     282.01   174.27   138.61     0.00   0.00  -1.00
  43     0.10     0.60     0.59      85.89   -10.34     7.40     282.20   174.27   138.07     1.78   0.56  -1.00
  44     0.10     0.20     0.59      86.03   -10.34     7.02     282.40   174.27   137.53     1.78   0.56  -1.00
  45     0.10    -0.20     0.59      86.17   -10.34     6.65     282.59   174.27   137.00     1.66   0.82  -1.00
  46     0.10    -0.60     0.59      86.30   -10.34     6.27     282.79   174.27   136.46     1.31   1.19  -1.00
  47     0.10    -1.00     0.59      86.44   -10.34     5.90     282.99   174.27   135.92     1.31   1.19  -1.00
  48     0.10    -1.40     0.59      86.58   -10.34     5.52     283.18   174.27   135.39     1.49   1.09  -1.00
  49     0.17     1.40     0.98      85.68   -10.73     8.17     281.91   174.84   139.18     0.00   0.00  -1.00
  50     0.17     1.00     0.98      85.82   -10.73     7.80     282.10   174.84   138.64     0.00   0.00  -1.00
  51     0.17     0.60     0.98      85.96   -10.73     7.42     282.30   174.84   138.10     1.67   0.68  -1.00
  52     0.17     0.20     0.98      86.09   -10.73     7.05     282.49   174.84   137.57     1.67   0.68  -1.00
  53     0.17    -0.20     0.98      86.23   -10.73     6.67     282.69   174.84   137.03     1.52   0.94  -1.00
  54     0.17    -0.60     0.98      86.37   -10.73     6.30     282.88   174.84   136.49     1.31   1.19  -1.00
  55     0.17    -1.00     0.98      86.51   -10.73     5.92     283.08   174.84   135.96     1.31   1.19  -1.00
  56     0.17    -1.40     0.98      86.64   -10.73     5.54     283.27   174.84   135.42     0.85   1.43  -1.00
  57     0.24     1.40     1.38      85.75   -11.13     8.20     282.00   175.40   139.21     0.00   0.00  -1.00
  58     0.24     1.00     1.38      85.89   -11.13     7.82     282.19   175.40   138.68     0.00   0.00  -1.00
  59     0.24     0.60     1.38      86.02   -11.13     7.45     282.39   175.40   138.14     1.67   0.68  -1.00
  60     0.24     0.20     1.38      86.16   -11.13     7.07     282.59   175.40   137.60     0.00   0.00  -1.00
  61     0.24    -0.20     1.38      86.30   -11.13     6.70     282.78   175.40   137.06     1.52   0.94  -1.00
  62     0.24    -0.60     1.38      86.43   -11.13     6.32     282.98   175.40   136.53     1.52   0.94  -1.00
  63     0.24    -1.00     1.38      86.57   -11.13     5.94     283.17   175.40   135.99     1.31   1.19  -1.00
  64     0.24    -1.40     1.38      86.71   -11.13     5.57     283.37   175.40   135.45     0.85   1.43  -1.00
  65     0.76     1.40     3.62      86.23   -13.37     8.37     282.69   178.60   139.46     1.29   0.02  -1.00
  66     0.76     1.00     3.62      86.37   -13.37     8.00     282.88   178.60   138.93     1.29   0.02  -1.00
  67     0.76     0.60     3.62      86.51   -13.37     7.62     283.08   178.60   138.39     1.25   0.02  -1.00
  68     0.76     0.20     3.62      86.64   -13.37     7.25     283.28   178.60   137.85     1.25   0.02  -1.00
  69     0.76    -0.20     3.62      86.78   -13.37     6.87     283.47   178.60   137.32     0.00   0.00  -1.00
  70     0.76    -0.60     3.62      86.92   -13.37     6.50     283.67   178.60   136.78     1.25   0.02  -1.00
  71     0.76    -1.00     3.62      87.05   -13.37     6.12     283.86   178.60   136.24     0.00   0.00  -1.00
  72     0.76    -1.40     3.62      87.19   -13.37     5.74     284.06   178.60   135.70     0.00   0.00  -1.00
  73     0.83     1.40     4.02      86.30   -13.77     8.40     282.78   179.16   139.50     1.29   0.02  -1.00
  74     0.83     1.00     4.02      86.43   -13.77     8.02     282.98   179.16   138.96     1.29   0.02  -1.00
  75     0.83     0.60     4.02      86.57   -13.77     7.65     283.17   179.16   138.42     1.25   0.02  -1.00
  76     0.83     0.20     4.02      86.71   -13.77     7.27     283.37   179.16   137.89     1.25   0.02  -1.00
  77     0.83    -0.20     4.02      86.84   -13.77     6.89     283.56   179.16   137.35     1.25   0.02  -1.00
  78     0.83    -0.60     4.02      86.98   -13.77     6.52     283.76   179.16   136.81     1.25   0.02  -1.00
  79     0.83    -1.00     4.02      87.12   -13.77     6.14     283.96   179.16   136.28     0.00   0.00  -1.00
  80     0.83    -1.40     4.02      87.26   -13.77     5.77     284.15   179.16   135.74     0.00   0.00  -1.00
  81     0.90     1.40     4.41      86.36   -14.16     8.42     282.88   179.73   139.53     0.00   0.00  -1.00
  82     0.90     1.00     4.41      86.50   -14.16     8.05     283.07   179.73   138.99     1.25   0.02  -1.00
  83     0.90     0.60     4.41      86.64   -14.16     7.67     283.27   179.73   138.46     1.31   0.07  -1.00
  84     0.90     0.20     4.41      86.77   -14.16     7.29     283.46   179.73   137.92     1.31   0.07  -1.00
  85     0.90    -0.20     4.41      86.91   -14.16     6.92     283.66   179.73   137.38     1.22   0.02  -1.00
  86     0.90    -0.60     4.41      87.05   -14.16     6.54     283.85   179.73   136.85     1.22   0.02  -1.00
  87     0.90    -1.00     4.41      87.18   -14.16     6.17     284.05   179.73   136.31     1.07   0.51  -1.00
  88     0.90    -1.40     4.41      87.32   -14.16     5.79     284.24   179.73   135.77     1.07   0.51  -1.00
  89     0.97     1.40     4.80      86.43   -14.55     8.45     282.97   180.29   139.57     0.00   0.00  -1.00
  90     0.97     1.00     4.80      86.57   -14.55     8.07     283.16   180.29   139.03     1.25   0.02  -1.00
  91     0.97     0.60     4.80      86.70   -14.55     7.69     283.36   180.29   138.49     1.31   0.07  -1.00
  92     0.97     0.20     4.80      86.84   -14.55     7.32     283.56   180.29   137.95     1.22   0.02  -1.00
  93     0.97    -0.20     4.80      86.98   -14.55     6.94     283.75   180.29   137.42     1.22   0.02  -1.00
  94     0.97    -0.60     4.80      87.11   -14.55     6.57     283.95   180.29   136.88     1.22   0.02  -1.00
  95     0.97    -1.00     4.80      87.25   -14.55     6.19     284.14   180.29   136.34     1.07   0.51  -1.00
  96     0.97    -1.40     4.80      87.39   -14.55     5.81     284.34   180.29   135.81     1.07   0.51  -1.00
  97     1.03     1.40     5.20      86.49   -14.95     8.47     283.06   180.85   139.60     0.00   0.00  -1.00
  98     1.03     1.00     5.20      86.63   -14.95     8.09     283.26   180.85   139.06     0.00   0.00  -1.00
  99     1.03     0.60     5.20      86.77   -14.95     7.72     283.45   180.85   138.53     0.00   0.00  -1.00
 100     1.03     0.20     5.20      86.90   -14.95     7.34     283.65   180.85   137.99     1.07   0.51  -1.00
 101     1.03    -0.20     5.20      87.04   -14.95     6.97     283.84   180.85   137.45     1.07   0.51  -1.00
 102     1.03    -0.60     5.20      87.18   -14.95     6.59     284.04   180.85   136.91     1.07   0.51  -1.00
 103     1.03    -1.00     5.20      87.31   -14.95     6.21     284.23   180.85   136.38     1.07   0.51  -1.00
 104     1.03    -1.40     5.20      87.45   -14.95     5.84     284.43   180.85   135.84     1.07   0.51  -1.00
 105     1.10     1.40     5.59      86.56   -15.34     8.49     283.16   181.42   139.63     0.00   0.00  -1.00
 106     1.10     1.00     5.59      86.70   -15.34     8.12     283.35   181.42   139.10     0.00   0.00  -1.00
 107     1.10     0.60     5.59      86.83   -15.34     7.74     283.55   181.42   138.56     0.00   0.00  -1.00
 108     1.10     0.20     5.59      86.97   -15.34     7.37     283.74   181.42   138.02     1.07   0.51  -1.00
 109     1.10    -0.20     5.59      87.11   -15.34     6.99     283.94   181.42   137.49     1.07   0.51  -1.00
 110     1.10    -0.60     5.59      87.24   -15.34     6.61     284.13   181.42   136.95     1.07   0.51  -1.00
 111     1.10    -1.00     5.59      87.38   -15.34     6.24     284.33   181.42   136.41     1.07   0.51  -1.00
 112     1.10    -1.40     5.59      87.52   -15.34     5.86     284.52   181.42   135.87     1.09   0.06  -1.00
 113     1.17     1.40     5.98      86.62   -15.73     8.52     283.25   181.98   139.67     0.00   0.00  -1.00
 114     1.17     1.00     5.98      86.76   -15.73     8.14     283.44   181.98   139.13     0.00   0.00  -1.00
 115     1.17     0.60     5.98      86.90   -15.73     7.77     283.64   181.98   138.59     0.00   0.00  -1.00
 116     1.17     0.20     5.98      87.03   -15.73     7.39     283.83   181.98   138.06     1.09   0.06  -1.00
 117     1.17    -0.20     5.98      87.17   -15.73     7.01     284.03   181.98   137.52     1.09   0.06  -1.00
 118     1.17    -0.60     5.98      87.31   -15.73     6.64     284.23   181.98   136.98     1.07   0.06  -1.00
 119     1.17    -1.00     5.98      87.44   -15.73     6.26     284.42   181.98   136.45     1.07   0.06  -1.00
 120     1.17    -1.40     5.98      87.58   -15.73     5.89     284.62   181.98   135.91     1.09   0.06  -1.00
 121     1.24     1.40     6.38      86.69   -16.13     8.54     283.34   182.54   139.70     0.00   0.00  -1.00
 122     1.24     1.00     6.38      86.83   -16.13     8.16     283.54   182.54   139.16     0.00   0.00  -1.00
 123     1.24     0.60     6.38      86.96   -16.13     7.79     283.73   182.54   138.63     0.00   0.00  -1.00
 124     1.24     0.20     6.38      87.10   -16.13     7.41     283.93   182.54   138.09     1.04   0.05  -1.00
 125     1.24    -0.20     6.38      87.24   -16.13     7.04     284.12   182.54   137.55     1.04   0.05  -1.00
 126     1.24    -0.60     6.38      87.37   -16.13     6.66     284.32   182.54   137.02     0.00   0.85  -1.00
 127     1.24    -1.00     6.38      87.51   -16.13     6.29     284.51   182.54   136.48     1.04   0.05  -1.00
 128     1.24    -1.40     6.38      87.65   -16.13     5.91     284.71   182.54   135.94     1.04   0.05  -1.00
 129     1.76     1.40     8.62      87.17   -18.37     8.72     284.03   185.74   139.95     0.89   0.05  -1.00
 130     1.76     1.00     8.62      87.31   -18.37     8.34     284.23   185.74   139.42     0.93   0.05  -1.00
 131     1.76     0.60     8.62      87.45   -18.37     7.96     284.42   185.74   138.88     0.93   0.05  -1.00
 132     1.76     0.20     8.62      87.58   -18.37     7.59     284.62   185.74   138.34     0.95   0.05  -1.00
 133     1.76    -0.20     8.62      87.72   -18.37     7.21     284.81   185.74   137.80     0.95   0.05  -1.00
 134     1.76    -0.60     8.62      87.86   -18.37     6.84     285.01   185.74   137.27     0.95   0.05  -1.00
 135     1.76    -1.00     8.62      87.99   -18.37     6.46     285.20   185.74   136.73     0.95   0.05  -1.00
 136     1.76    -1.40     8.62      88.13   -18.37     6.09     285.40   185.74   136.19     0.00   0.00  -1.00
 137     1.83     1.40     9.02      87.24   -18.77     8.74     284.12   186.31   139.99     0.89   0.05  -1.00
 138     1.83     1.00     9.02      87.37   -18.77     8.36     284.32   186.31   139.45     0.93   0.05  -1.00
 139     1.83     0.60     9.02      87.51   -18.77     7.99     284.52   186.31   138.91     0.95   0.05  -1.00
 140     1.83     0.20     9.02      87.65   -18.77     7.61     284.71   186.31   138.38     0.95   0.05  -1.00
 141     1.83    -0.20     9.02      87.78   -18.77     7.24     284.91   186.31   137.84     0.95   0.05  -1.00
 142     1.83    -0.60     9.02      87.92   -18.77     6.86     285.10   186.31   137.30     0.95   0.05  -1.00
 143     1.83    -1.00     9.02      88.06   -18.77     6.48     285.30   186.31   136.76     0.95   0.05  -1.00
 144     1.83    -1.40     9.02      88.20   -18.77     6.11     285.49   186.31   136.23     0.00   0.00  -1.00
 145     1.90     1.40     9.41      87.30   -19.16     8.76     284.22   186.87   140.02     0.88   0.05  -1.00
 146     1.90     1.00     9.41      87.44   -19.16     8.39     284.41   186.87   139.48     0.90   0.05  -1.00
 147     1.90     0.60     9.41      87.58   -19.16     8.01     284.61   186.87   138.95     0.90   0.05  -1.00
 148     1.90     0.20     9.41      87.71   -19.16     7.64     284.80   186.87   138.41     0.90   0.05  -1.00
 149     1.90    -0.20     9.41      87.85   -19.16     7.26     285.00   186.87   137.87     0.90   0.05  -1.00
 150     1.90    -0.60     9.41      87.99   -19.16     6.88     285.20   186.87   137.34     0.00   0.00  -1.00
 151     1.90    -1.00     9.41      88.12   -19.16     6.51     285.39   186.87   136.80     0.00   0.00  -1.00
 152     1.90    -1.40     9.41      88.26   -19.16     6.13     285.59   186.87   136.26     0.00   0.00  -1.00
 153     1.97     1.40     9.80      87.37   -19.55     8.79     284.31   187.43   140.05     0.88   0.05  -1.00
 154     1.97     1.00     9.80      87.50   -19.55     8.41     284.51   187.43   139.52     0.89   0.05  -1.00
 155     1.97     0.60     9.80      87.64   -19.55     8.04     284.70   187.43   138.98     0.90   0.05  -1.00
 156     1.97     0.20     9.80      87.78   -19.55     7.66     284.90   187.43   138.44     0.90   0.05  -1.00
 157     1.97    -0.20     9.80      87.92   -19.55     7.28     285.09   187.43   137.91     0.90   0.05  -1.00
 158     1.97    -0.60     9.80      88.05   -19.55     6.91     285.29   187.43   137.37     0.00   0.00  -1.00
 159     1.97    -1.00     9.80      88.19   -19.55     6.53     285.48   187.43   136.83     0.00   0.00  -1.00
 160     1.97    -1.40     9.80      88.33   -19.55     6.16     285.68   187.43   136.30     0.00   0.00  -1.00
 161     2.03     1.40    10.20      87.43   -19.95     8.81     284.40   188.00   140.09     0.05   0.44  -1.00
 162     2.03     1.00    10.20      87.57   -19.95     8.44     284.60   188.00   139.55     0.06   0.47  -1.00
 163     2.03     0.60    10.20      87.71   -19.95     8.06     284.80   188.00   139.01     0.88   0.05  -1.00
 164     2.03     0.20    10.20      87.84   -19.95     7.68     284.99   188.00   138.48     0.00   0.00  -1.00
 165     2.03    -0.20    10.20      87.98   -19.95     7.31     285.19   188.00   137.94     0.00   0.00  -1.00
 166     2.03    -0.60    10.20      88.12   -19.95     6.93     285.38   188.00   137.40     0.00   0.00  -1.00
 167     2.03    -1.00    10.20      88.25   -19.95     6.56     285.58   188.00   136.87     0.00   0.00  -1.00
 168     2.03    -1.40    10.20      88.39   -19.95     6.18     285.77   188.00   136.33     0.00   0.00  -1.00
 169     2.10     1.40    10.59      87.50   -20.34     8.84     284.50   188.56   140.12     0.05   0.44  -1.00
 170     2.10     1.00    10.59      87.64   -20.34     8.46     284.69   188.56   139.58     0.84   0.04  -1.00
 171     2.10     0.60    10.59      87.77   -20.34     8.08     284.89   188.56   139.05     0.00   0.00  -1.00
 172     2.10     0.20    10.59      87.91   -20.34     7.71     285.08   188.56   138.51     0.00   0.00  -1.00
 173     2.10    -0.20    10.59      88.05   -20.34     7.33     285.28   188.56   137.97     0.00   0.00  -1.00
 174     2.10    -0.60    10.59      88.18   -20.34     6.96     285.48   188.56   137.44     0.00   0.00  -1.00
 175     2.10    -1.00    10.59      88.32   -20.34     6.58     285.67   188.56   136.90     0.00   0.00  -1.00
 176     2.10    -1.40    10.59      88.46   -20.34     6.20     285.87   188.56   136.36     0.00   0.00  -1.00
 177     2.17     1.40    10.98      87.56   -20.73     8.86     284.59   189.12   140.16     0.84   0.04  -1.00
 178     2.17     1.00    10.98      87.70   -20.73     8.48     284.79   189.12   139.62     0.84   0.04  -1.00
 179     2.17     0.60    10.98      87.84   -20.73     8.11     284.98   189.12   139.08     0.00   0.00  -1.00
 180     2.17     0.20    10.98      87.97   -20.73     7.73     285.18   189.12   138.54     0.00   0.00  -1.00
 181     2.17    -0.20    10.98      88.11   -20.73     7.36     285.37   189.12   138.01     0.00   0.00  -1.00
 182     2.17    -0.60    10.98      88.25   -20.73     6.98     285.57   189.12   137.47     0.00   0.00  -1.00
 183     2.17    -1.00    10.98      88.38   -20.73     6.60     285.76   189.12   136.93     0.00   0.00  -1.00
 184     2.17    -1.40    10.98      88.52   -20.73     6.23     285.96   189.12   136.40     0.00   0.00  -1.00
 185     2.24     1.40    11.38      87.63   -21.13     8.88     284.68   189.68   140.19     0.00   0.00  -1.00
 186     2.24     1.00    11.38      87.77   -21.13     8.51     284.88   189.68   139.65     0.00   0.00  -1.00
 187     2.24     0.60    11.38      87.90   -21.13     8.13     285.08   189.68   139.12     0.00   0.00  -1.00
 188     2.24     0.20    11.38      88.04   -21.13     7.76     285.27   189.68   138.58     0.00   0.00  -1.00
 189     2.24    -0.20    11.38      88.18   -21.13     7.38     285.47   189.68   138.04     0.00   0.00  -1.00
 190     2.24    -0.60    11.38      88.31   -21.13     7.00     285.66   189.68   137.50     0.00   0.00  -1.00
 191     2.24    -1.00    11.38      88.45   -21.13     6.63     285.86   189.68   136.97     0.00   0.00  -1.00
 192     2.24    -1.40    11.38      88.59   -21.13     6.25     286.05   189.68   136.43     0.00   0.00  -1.00
 193     1.76     6.40     6.62      85.46   -16.37    13.41     281.59   182.89   146.66     1.00   0.48  -1.00
 194     1.76     6.00     6.62      85.60   -16.37    13.04     281.78   182.89   146.13     0.89   0.43  -1.00
 195     1.76     5.60     6.62      85.74   -16.37    12.66     281.98   182.89   145.59     0.89   0.43  -1.00
 196     1.76     5.20     6.62      85.87   -16.37    12.29     282.17   182.89   145.05     0.89   0.43  -1.00
 197     1.76     4.80     6.62      86.01   -16.37    11.91     282.37   182.89   144.52     0.89   0.43  -1.00
 198     1.76     4.40     6.62      86.15   -16.37    11.54     282.57   182.89   143.98     0.91   0.43  -1.00
 199     1.76     4.00     6.62      86.28   -16.37    11.16     282.76   182.89   143.44     0.89   0.43  -1.00
 200     1.76     3.60     6.62      86.42   -16.37    10.78     282.96   182.89   142.91     0.89   0.43  -1.00
 201     1.83     6.40     7.02      85.53   -16.77    13.44     281.68   183.45   146.70     1.00   0.48  -1.00
 202     1.83     6.00     7.02      85.66   -16.77    13.06     281.88   183.45   146.16     0.89   0.43  -1.00
 203     1.83     5.60     7.02      85.80   -16.77    12.69     282.07   183.45   145.62     0.89   0.43  -1.00
 204     1.83     5.20     7.02      85.94   -16.77    12.31     282.27   183.45   145.09     0.89   0.43  -1.00
 205     1.83     4.80     7.02      86.07   -16.77    11.94     282.46   183.45   144.55     0.89   0.43  -1.00
 206     1.83     4.40     7.02      86.21   -16.77    11.56     282.66   183.45   144.01     0.91   0.43  -1.00
 207     1.83     4.00     7.02      86.35   -16.77    11.18     282.85   183.45   143.48     0.89   0.43  -1.00
 208     1.83     3.60     7.02      86.48   -16.77    10.81     283.05   183.45   142.94     0.89   0.43  -1.00
 209     1.90     6.40     7.41      85.59   -17.16    13.46     281.78   184.01   146.73     0.00   0.00  -1.00
 210     1.90     6.00     7.41      85.73   -17.16    13.09     281.97   184.01   146.20     0.00   0.00  -1.00
 211     1.90     5.60     7.41      85.87   -17.16    12.71     282.17   184.01   145.66     0.00   0.00  -1.00
 212     1.90     5.20     7.41      86.00   -17.16    12.33     282.36   184.01   145.12     0.84   0.40  -1.00
 213     1.90     4.80     7.41      86.14   -17.16    11.96     282.56   184.01   144.58     0.86   0.41  -1.00
 214     1.90     4.40     7.41      86.28   -17.16    11.58     282.75   184.01   144.05     0.88   0.42  -1.00
 215     1.90     4.00     7.41      86.41   -17.16    11.21     282.95   184.01   143.51     0.88   0.42  -1.00
 216     1.90     3.60     7.41      86.55   -17.16    10.83     283.14   184.01   142.97     0.88   0.42  -1.00
 217     1.97     6.40     7.80      85.66   -17.55    13.49     281.87   184.58   146.77     0.00   0.00  -1.00
 218     1.97     6.00     7.80      85.79   -17.55    13.11     282.06   184.58   146.23     0.00   0.00  -1.00
 219     1.97     5.60     7.80      85.93   -17.55    12.73     282.26   184.58   145.69     0.00   0.00  -1.00
 220     1.97     5.20     7.80      86.07   -17.55    12.36     282.45   184.58   145.16     0.81   0.39  -1.00
 221     1.97     4.80     7.80      86.21   -17.55    11.98     282.65   184.58   144.62     0.82   0.39  -1.00
 222     1.97     4.40     7.80      86.34   -17.55    11.61     282.85   184.58   144.08     0.82   0.39  -1.00
 223     1.97     4.00     7.80      86.48   -17.55    11.23     283.04   184.58   143.54     0.82   0.39  -1.00
 224     1.97     3.60     7.80      86.62   -17.55    10.86     283.24   184.58   143.01     0.82   0.39  -1.00
 225     2.03     6.40     8.20      85.72   -17.95    13.51     281.96   185.14   146.80     0.00   0.00  -1.00
 226     2.03     6.00     8.20      85.86   -17.95    13.13     282.16   185.14   146.26     0.00   0.00  -1.00
 227     2.03     5.60     8.20      86.00   -17.95    12.76     282.35   185.14   145.73     0.00   0.00  -1.00
 228     2.03     5.20     8.20      86.13   -17.95    12.38     282.55   185.14   145.19     0.82   0.39  -1.00
 229     2.03     4.80     8.20      86.27   -17.95    12.01     282.74   185.14   144.65     0.82   0.39  -1.00
 230     2.03     4.40     8.20      86.41   -17.95    11.63     282.94   185.14   144.12     0.82   0.39  -1.00
 231     2.03     4.00     8.20      86.54   -17.95    11.25     283.13   185.14   143.58     0.82   0.39  -1.00
 232     2.03     3.60     8.20      86.68   -17.95    10.88     283.33   185.14   143.04     0.82   0.39  -1.00
 233     2.10     6.40     8.59      85.79   -18.34    13.53     282.05   185.70   146.83     0.00   0.00  -1.00
 234     2.10     6.00     8.59      85.93   -18.34    13.16     282.25   185.70   146.30     0.00   0.00  -1.00
 235     2.10     5.60     8.59      86.06   -18.34    12.78     282.45   185.70   145.76     0.00   0.00  -1.00
 236     2.10     5.20     8.59      86.20   -18.34    12.41     282.64   185.70   145.22     0.78   0.38  -1.00
 237     2.10     4.80     8.59      86.34   -18.34    12.03     282.84   185.70   144.69     0.78   0.38  -1.00
 238     2.10     4.40     8.59      86.47   -18.34    11.65     283.03   185.70   144.15     0.78   0.38  -1.00
 239     2.10     4.00     8.59      86.61   -18.34    11.28     283.23   185.70   143.61     0.78   0.38  -1.00
 240     2.10     3.60     8.59      86.75   -18.34    10.90     283.42   185.70   143.08     0.78   0.38  -1.00
 241     2.17     6.40     8.98      85.85   -18.73    13.56     282.15   186.26   146.87     0.00   0.00  -1.00
 242     2.17     6.00     8.98      85.99   -18.73    13.18     282.34   186.26   146.33     0.00   0.00  -1.00
 243     2.17     5.60     8.98      86.13   -18.73    12.81     282.54   186.26   145.79     0.00   0.00  -1.00
 244     2.17     5.20     8.98      86.26   -18.73    12.43     282.73   186.26   145.26     0.78   0.38  -1.00
 245     2.17     4.80     8.98      86.40   -18.73    12.05     282.93   186.26   144.72     0.78   0.38  -1.00
 246     2.17     4.40     8.98      86.54   -18.73    11.68     283.13   186.26   144.18     0.78   0.38  -1.00
 247     2.17     4.00     8.98      86.67   -18.73    11.30     283.32   186.26   143.65     0.78   0.38  -1.00
 248     2.17     3.60     8.98      86.81   -18.73    10.93     283.52   186.26   143.11     0.81   0.39  -1.00
 249     2.24     6.40     9.38      85.92   -19.13    13.58     282.24   186.83   146.90     0.00   0.00  -1.00
 250     2.24     6.00     9.38      86.06   -19.13    13.21     282.44   186.83   146.36     0.00   0.00  -1.00
 251     2.24     5.60     9.38      86.19   -19.13    12.83     282.63   186.83   145.83     0.00   0.00  -1.00
 252     2.24     5.20     9.38      86.33   -19.13    12.45     282.83   186.83   145.29     0.79   0.04  -1.00
 253     2.24     4.80     9.38      86.47   -19.13    12.08     283.02   186.83   144.75     0.79   0.04  -1.00
 254     2.24     4.40     9.38      86.60   -19.13    11.70     283.22   186.83   144.22     0.82   0.04  -1.00
 255     2.24     4.00     9.38      86.74   -19.13    11.33     283.41   186.83   143.68     0.82   0.04  -1.00
 256     2.24     3.60     9.38      86.88   -19.13    10.95     283.61   186.83   143.14     0.85   0.04  -1.00
